mut 2	0	0
mut 3	0	0
mut 4	0	0
mut 5	0	0
mut 6	0	0
mut 7	0	0
mut 8	0	0
mut 9	0	0
mut 10	0	0
mut 11	0	0
mut 12	0	0
mut 13	0	0
mut 14	0	0
mut 15	0	0
mut 16	0	0
mut 17	0	0
mut 18	0	0
mut 19	0	0
mut 20	0	0
mut 21	0	0
mut 22	0	0
mut 23	0	0
mut 24	0	0
mut 25	0	0
mut 26	0	0
mut 27	0	0
mut 28	0	0
mut 29	0	0
mut 30	0	0
mut 31	0	0
mut 32	0	0
mut 33	0	0
mut 34	0	0
mut 35	0	0
mut 36	0	0
mut 37	0	0
mut 38	0	0
mut 39	0	0
mut 40	0	0
mut 41	0	0
mut 42	0	0
mut 43	0	0
mut 44	0	0
mut 45	0	0
mut 46	0	0
mut 47	0	0
mut 48	0	0
mut 49	0	0
mut 50	0	0
mut 51	0	0
mut 52	0	0
mut 53	0	0
mut 54	0	0
mut 55	0	0
mut 56	0	0
mut 57	0	0
mut 58	0	0
mut 59	0	0
mut 60	0	0
mut 61	0	0
mut 62	0	0
mut 63	0	0
mut 64	0	0
mut 65	0	0
mut 66	0	0
mut 67	0	0
mut 68	0	0
mut 69	0	0
mut 70	0	0
mut 71	0	0
mut 72	0	0
mut 73	0	0
mut 74	0	0
mut 75	0	0
mut 76	0	0
mut 77	0	0
mut 78	0	0
mut 79	0	0
mut 80	0	0
mut 81	0	0
mut 82	0	0
mut 83	0	0
mut 84	0	0
mut 85	0	0
mut 86	0	0
mut 87	0	0
mut 88	0	0
mut 89	0	0
mut 90	0	0
mut 91	0	0
mut 92	0	0
mut 93	0	0
mut 94	0	0
mut 95	0	0
mut 96	0	0
mut 97	0	0
mut 98	0	0
mut 99	0	0
mut 100	0	0
mut 101	0	0
mut 102	0	0
mut 103	0	0
mut 104	0	0
mut 105	0	0
mut 106	0	0
mut 107	0	0
mut 108	0	0
mut 109	0	0
mut 110	0	0
mut 111	0	0
mut 112	0	0
mut 113	0	0
mut 114	0	0
mut 115	0	0
mut 116	0	0
mut 117	0	0
mut 118	0	0
mut 119	0	0
mut 120	0	0
mut 121	0	0
mut 122	0	0
mut 123	0	0
mut 124	0	0
mut 125	0	0
mut 126	0	0
mut 127	0	0
mut 128	0	0
mut 129	0	0
mut 130	0	0
mut 131	0	0
mut 132	0	0
mut 133	0	0
mut 134	0	0
mut 135	0	0
mut 136	0	0
mut 137	0	0
mut 138	0	0
mut 139	0	0
mut 140	0	0
mut 141	0	0
mut 142	0	0
mut 143	0	0
mut 144	0	0
mut 145	0	0
mut 146	0	0
mut 147	0	0
mut 148	0	0
mut 149	0	0
mut 150	0	0
mut 151	0	0
mut 152	0	0
mut 153	0	0
mut 154	0	0
mut 155	0	0
mut 156	0	0
mut 157	0	0
mut 158	0	0
mut 159	0	0
mut 160	0	0
mut 161	0	0
mut 162	0	0
mut 163	0	0
mut 164	0	0
mut 165	0	0
mut 166	0	0
mut 167	0	0
mut 168	0	0
mut 169	0	0
mut 170	0	0
mut 171	0	0
mut 172	0	0
mut 173	0	0
mut 174	0	0
mut 175	0	0
mut 176	0	0
mut 177	0	0
mut 178	0	0
mut 179	0	0
mut 180	0	0
mut 181	0	0
mut 182	0	0
mut 183	0	0
mut 184	0	0
mut 185	0	0
mut 186	0	0
mut 187	0	0
mut 188	0	0
mut 189	0	0
mut 190	0	0
mut 191	0	0
mut 192	0	0
mut 193	0	0
mut 194	0	0
mut 195	0	0
mut 196	0	0
mut 197	0	0
mut 198	0	0
mut 199	0	0
mut 200	0	0
mut 201	0	0
mut 202	0	0
mut 203	0	0
mut 204	0	0
mut 205	0	0
mut 206	0	0
mut 207	0	0
mut 208	0	0
mut 209	0	0
mut 210	0	0
mut 211	0	0
mut 212	0	0
mut 213	0	0
mut 214	0	0
mut 215	0	0
mut 216	0	0
mut 217	0	0
mut 218	0	0
mut 219	0	0
mut 220	0	0
mut 221	0	0
mut 222	0	0
mut 223	0	0
mut 224	0	0
mut 225	0	0
mut 226	0	0
mut 227	0	0
mut 228	0	0
mut 229	0	0
mut 230	0	0
mut 231	0	0
mut 232	0	0
mut 233	0	0
mut 234	0	0
mut 235	0	0
mut 236	0	0
mut 237	0	0
mut 238	0	0
mut 239	0	0
mut 240	0	0
mut 241	0	0
mut 242	0	0
mut 243	0	0
mut 244	0	0
mut 245	0	0
mut 246	0	0
mut 247	0	0
mut 248	0	0
mut 249	0	0
mut 250	0	0
mut 251	0	0
mut 252	0	0
mut 253	0	0
mut 254	0	0
mut 255	0	0
mut 256	0	0
mut 257	0	0
mut 258	0	0
mut 259	0	0
mut 260	0	0
mut 261	0	0
mut 262	0	0
mut 263	0	0
mut 264	0	0
mut 265	0	0
mut 266	0	0
mut 267	0	0
mut 268	0	0
mut 269	0	0
mut 270	0	0
mut 271	0	0
mut 272	0	0
mut 273	0	0
mut 274	0	0
mut 275	0	0
mut 276	0	0
mut 277	0	0
mut 278	0	0
mut 279	0	0
mut 280	0	0
mut 281	0	0
mut 282	0	0
mut 283	0	0
mut 284	0	0
mut 285	0	0
mut 286	0	0
mut 287	0	0
mut 288	0	0
mut 289	0	0
mut 290	0	0
mut 291	0	0
mut 292	0	0
mut 293	0	0
mut 294	0	0
mut 295	0	0
mut 296	0	0
mut 297	1.06875e-05	1.06875e-05
mut 298	2.13749e-05	3.20624e-05
mut 299	2.13749e-05	5.34374e-05
mut 300	3.47343e-05	8.81716e-05
mut 301	3.47343e-05	0.000122906
mut 302	2.40468e-05	0.000146953
mut 303	2.53827e-05	0.000172335
mut 304	2.53827e-05	0.000197718
mut 305	2.27109e-05	0.000220429
mut 306	2.27109e-05	0.00024314
mut 307	2.27109e-05	0.000265851
mut 308	1.06875e-05	0.000276538
mut 309	1.06875e-05	0.000287226
mut 310	0	0.000287226
mut 311	0	0.000287226
mut 312	0	0.000287226
mut 313	1.33593e-05	0.000300585
mut 314	1.33593e-05	0.000313944
mut 315	1.33593e-05	0.000327304
mut 316	1.33593e-05	0.000340663
mut 317	1.33593e-05	0.000354022
mut 318	2.67187e-06	0.000356694
mut 319	2.67187e-06	0.000359366
mut 320	2.67187e-06	0.000362038
mut 321	2.67187e-06	0.00036471
mut 322	1.60312e-05	0.000380741
mut 323	2.13749e-05	0.000402116
mut 324	2.13749e-05	0.000423491
mut 325	3.47343e-05	0.000458225
mut 326	3.87421e-05	0.000496967
mut 327	2.53827e-05	0.00052235
mut 328	3.07265e-05	0.000553077
mut 329	3.07265e-05	0.000583803
mut 330	1.73671e-05	0.00060117
mut 331	2.0039e-05	0.000621209
mut 332	5.47733e-05	0.000675983
mut 333	6.0117e-05	0.0007361
mut 334	7.88201e-05	0.00081492
mut 335	9.75232e-05	0.000912443
mut 336	0.000106875	0.00101932
mut 337	7.21404e-05	0.00109146
mut 338	5.34374e-05	0.0011449
mut 339	4.0078e-05	0.00118497
mut 340	2.13749e-05	0.00120635
mut 341	2.40468e-05	0.0012304
mut 342	3.74062e-05	0.0012678
mut 343	4.80936e-05	0.00131589
mut 344	4.54218e-05	0.00136132
mut 345	4.54218e-05	0.00140674
mut 346	3.20624e-05	0.0014388
mut 347	1.87031e-05	0.0014575
mut 348	1.87031e-05	0.00147621
mut 349	3.33983e-05	0.00150961
mut 350	5.74452e-05	0.00156705
mut 351	5.74452e-05	0.0016245
mut 352	9.48513e-05	0.00171935
mut 353	0.000134929	0.00185428
mut 354	0.000141609	0.00199589
mut 355	0.000146953	0.00214284
mut 356	0.000165656	0.00230849
mut 357	0.000168328	0.00247682
mut 358	0.000129586	0.00260641
mut 359	0.000138937	0.00274534
mut 360	0.000160312	0.00290566
mut 361	0.000196382	0.00310204
mut 362	0.00019371	0.00329575
mut 363	0.000223101	0.00351885
mut 364	0.000255163	0.00377401
mut 365	0.000255163	0.00402918
mut 366	0.000205734	0.00423491
mut 367	0.000211078	0.00444599
mut 368	0.00023646	0.00468245
mut 369	0.000263179	0.00494563
mut 370	0.000253827	0.00519945
mut 371	0.000325968	0.00552542
mut 372	0.000336655	0.00586208
mut 373	0.00035803	0.00622011
mut 374	0.000327304	0.00654741
mut 375	0.000352687	0.0069001
mut 376	0.000370054	0.00727015
mut 377	0.000410132	0.00768028
mut 378	0.00043685	0.00811713
mut 379	0.000471585	0.00858872
mut 380	0.00052903	0.00911775
mut 381	0.000551741	0.00966949
mut 382	0.000541053	0.0102105
mut 383	0.000579795	0.0107903
mut 384	0.00057178	0.0113621
mut 385	0.000599834	0.011962
mut 386	0.00061453	0.0125765
mut 387	0.000630561	0.013207
mut 388	0.000585139	0.0137922
mut 389	0.000611858	0.014404
mut 390	0.00061453	0.0150186
mut 391	0.000597162	0.0156157
mut 392	0.000692014	0.0163077
mut 393	0.000837631	0.0171454
mut 394	0.00088706	0.0180324
mut 395	0.000860341	0.0188928
mut 396	0.00085767	0.0197504
mut 397	0.000849654	0.0206001
mut 398	0.00069335	0.0212935
mut 399	0.000704037	0.0219975
mut 400	0.00080824	0.0228057
mut 401	0.000911107	0.0237168
mut 402	0.000888396	0.0246052
mut 403	0.00111951	0.0257247
mut 404	0.00121837	0.0269431
mut 405	0.00126246	0.0282056
mut 406	0.0013867	0.0295923
mut 407	0.00156438	0.0311567
mut 408	0.00162182	0.0327785
mut 409	0.00166591	0.0344444
mut 410	0.00177946	0.0362238
mut 411	0.00179416	0.038018
mut 412	0.00182756	0.0398456
mut 413	0.00184359	0.0416892
mut 414	0.00197184	0.043661
mut 415	0.00199989	0.0456609
mut 416	0.0020226	0.0476835
mut 417	0.00204799	0.0497315
mut 418	0.00211345	0.0518449
mut 419	0.00212146	0.0539664
mut 420	0.00212948	0.0560959
mut 421	0.00213482	0.0582307
mut 422	0.00234189	0.0605726
mut 423	0.00231517	0.0628878
mut 424	0.00235659	0.0652443
mut 425	0.00247014	0.0677145
mut 426	0.00262511	0.0703396
mut 427	0.00256366	0.0729033
mut 428	0.00273198	0.0756352
mut 429	0.00307799	0.0787132
mut 430	0.00309803	0.0818113
mut 431	0.00313944	0.0849507
mut 432	0.00324231	0.088193
mut 433	0.00316349	0.0913565
mut 434	0.00308601	0.0944425
mut 435	0.003082	0.0975245
mut 436	0.00327437	0.100799
mut 437	0.00334919	0.104148
mut 438	0.0035469	0.107695
mut 439	0.00358832	0.111283
mut 440	0.00371657	0.115
mut 441	0.00401715	0.119017
mut 442	0.0041267	0.123144
mut 443	0.004454	0.127598
mut 444	0.00460764	0.132205
mut 445	0.00468111	0.136886
mut 446	0.00451679	0.141403
mut 447	0.00464638	0.14605
mut 448	0.0045395	0.150589
mut 449	0.00451813	0.155107
mut 450	0.00465172	0.159759
mut 451	0.00478131	0.16454
mut 452	0.00485345	0.169394
mut 453	0.00496299	0.174357
mut 454	0.00514201	0.179499
mut 455	0.00520346	0.184702
mut 456	0.00549336	0.190196
mut 457	0.00568707	0.195883
mut 458	0.00577123	0.201654
mut 459	0.00563096	0.207285
mut 460	0.00592353	0.213208
mut 461	0.0056657	0.218874
mut 462	0.0056697	0.224544
mut 463	0.00563096	0.230175
mut 464	0.00590616	0.236081
mut 465	0.00602907	0.24211
mut 466	0.00621476	0.248325
mut 467	0.0063724	0.254697
mut 468	0.00666364	0.261361
mut 469	0.00695754	0.268318
mut 470	0.00689876	0.275217
mut 471	0.00694686	0.282164
mut 472	0.00687472	0.289039
mut 473	0.00676116	0.2958
mut 474	0.00660486	0.302405
mut 475	0.00666097	0.309066
mut 476	0.00694552	0.316011
mut 477	0.00716862	0.32318
mut 478	0.00755203	0.330732
mut 479	0.0076175	0.338349
mut 480	0.00774441	0.346094
mut 481	0.00779517	0.353889
mut 482	0.00772571	0.361615
mut 483	0.0076175	0.369232
mut 484	0.0074986	0.376731
mut 485	0.00763486	0.384366
mut 486	0.00737569	0.391741
mut 487	0.00735031	0.399092
mut 488	0.00721672	0.406308
mut 489	0.00762685	0.413935
mut 490	0.00791808	0.421853
mut 491	0.00813049	0.429984
mut 492	0.00830951	0.438293
mut 493	0.00857269	0.446866
mut 494	0.00828813	0.455154
mut 495	0.00771101	0.462865
mut 496	0.00780185	0.470667
mut 497	0.0077925	0.478459
mut 498	0.00769097	0.48615
mut 499	0.00792342	0.494074
mut 500	0.00807171	0.502146
mut 501	0.0080116	0.510157
mut 502	0.00793946	0.518097
mut 503	0.00776578	0.525862
mut 504	0.00768964	0.533552
mut 505	0.00775777	0.54131
mut 506	0.00790606	0.549216
mut 507	0.00780586	0.557022
mut 508	0.00812114	0.565143
mut 509	0.00801828	0.573161
mut 510	0.0079261	0.581087
mut 511	0.0075881	0.588675
mut 512	0.00752398	0.596199
mut 513	0.00733428	0.603534
mut 514	0.00736901	0.610903
mut 515	0.00739439	0.618297
mut 516	0.00773639	0.626033
mut 517	0.00779384	0.633827
mut 518	0.00786064	0.641688
mut 519	0.00769899	0.649387
mut 520	0.00776445	0.657151
mut 521	0.00738104	0.664532
mut 522	0.00720469	0.671737
mut 523	0.00689476	0.678632
mut 524	0.00709114	0.685723
mut 525	0.00697358	0.692696
mut 526	0.00701098	0.699707
mut 527	0.00710717	0.706815
mut 528	0.00688808	0.713703
mut 529	0.00681861	0.720521
mut 530	0.00654875	0.72707
mut 531	0.00648329	0.733553
mut 532	0.00624148	0.739795
mut 533	0.00640046	0.746195
mut 534	0.00611591	0.752311
mut 535	0.00604243	0.758354
mut 536	0.00586074	0.764214
mut 537	0.00569375	0.769908
mut 538	0.00548134	0.775389
mut 539	0.00527694	0.780666
mut 540	0.00546931	0.786136
mut 541	0.00525957	0.791395
mut 542	0.0056176	0.797013
mut 543	0.00551607	0.802529
mut 544	0.00554012	0.808069
mut 545	0.00544527	0.813514
mut 546	0.0055134	0.819028
mut 547	0.00526224	0.82429
mut 548	0.00546664	0.829757
mut 549	0.00527828	0.835035
mut 550	0.00520213	0.840237
mut 551	0.00490288	0.84514
mut 552	0.00473455	0.849874
mut 553	0.00451546	0.85439
mut 554	0.00449141	0.858881
mut 555	0.00436316	0.863244
mut 556	0.00428434	0.867529
mut 557	0.00414674	0.871676
mut 558	0.00409998	0.875776
mut 559	0.00422155	0.879997
mut 560	0.00398643	0.883983
mut 561	0.00415342	0.888137
mut 562	0.00402784	0.892165
mut 563	0.00384615	0.896011
mut 564	0.00362305	0.899634
mut 565	0.00352419	0.903158
mut 566	0.00324766	0.906406
mut 567	0.00317685	0.909583
mut 568	0.00310605	0.912689
mut 569	0.00318487	0.915874
mut 570	0.00313544	0.919009
mut 571	0.00325834	0.922267
mut 572	0.00328773	0.925555
mut 573	0.00319555	0.928751
mut 574	0.00294306	0.931694
mut 575	0.0028963	0.93459
mut 576	0.0026692	0.937259
mut 577	0.00261175	0.939871
mut 578	0.00257568	0.942447
mut 579	0.00234189	0.944789
mut 580	0.00204531	0.946834
mut 581	0.00199054	0.948824
mut 582	0.0017621	0.950586
mut 583	0.001714	0.9523
mut 584	0.00178347	0.954084
mut 585	0.00177546	0.955859
mut 586	0.00165389	0.957513
mut 587	0.00167927	0.959193
mut 588	0.00163518	0.960828
mut 589	0.00151094	0.962339
mut 590	0.00158575	0.963924
mut 591	0.00156037	0.965485
mut 592	0.00150827	0.966993
mut 593	0.00141609	0.968409
mut 594	0.00149491	0.969904
mut 595	0.0013867	0.971291
mut 596	0.00129318	0.972584
mut 597	0.00124509	0.973829
mut 598	0.00116093	0.97499
mut 599	0.00111951	0.976109
mut 600	0.0010781	0.977188
mut 601	0.00107008	0.978258
mut 602	0.00103668	0.979294
mut 603	0.000957865	0.980252
mut 604	0.000780185	0.981032
mut 605	0.000713389	0.981746
mut 606	0.000721404	0.982467
mut 607	0.000702701	0.98317
mut 608	0.000633233	0.983803
mut 609	0.000581131	0.984384
mut 610	0.000573116	0.984957
mut 611	0.000563764	0.985521
mut 612	0.000507655	0.986029
mut 613	0.000605178	0.986634
mut 614	0.00065728	0.987291
mut 615	0.000713389	0.988005
mut 616	0.00069335	0.988698
mut 617	0.000740107	0.989438
mut 618	0.000682662	0.990121
mut 619	0.000653272	0.990774
mut 620	0.000551741	0.991326
mut 621	0.000455553	0.991781
mut 622	0.000399444	0.992181
mut 623	0.000388757	0.99257
mut 624	0.000337991	0.992908
mut 625	0.000336655	0.993244
mut 626	0.000396772	0.993641
mut 627	0.000368718	0.99401
mut 628	0.000341999	0.994352
mut 629	0.000339327	0.994691
mut 630	0.000336655	0.995028
mut 631	0.00029257	0.99532
mut 632	0.000267187	0.995587
mut 633	0.000252492	0.99584
mut 634	0.00024982	0.99609
mut 635	0.000251156	0.996341
mut 636	0.00024314	0.996584
mut 637	0.000252492	0.996837
mut 638	0.000239132	0.997076
mut 639	0.000217757	0.997293
mut 640	0.000195046	0.997488
mut 641	0.000177679	0.997666
mut 642	0.000154968	0.997821
mut 643	0.000120234	0.997941
mut 644	9.61872e-05	0.998038
mut 645	7.08045e-05	0.998108
mut 646	6.1453e-05	0.99817
mut 647	4.40858e-05	0.998214
mut 648	5.61092e-05	0.99827
mut 649	5.61092e-05	0.998326
mut 650	7.34764e-05	0.9984
mut 651	7.61482e-05	0.998476
mut 652	8.1492e-05	0.998557
mut 653	8.68357e-05	0.998644
mut 654	0.000110883	0.998755
mut 655	8.41638e-05	0.998839
mut 656	6.81326e-05	0.998907
mut 657	4.40858e-05	0.998951
mut 658	7.61482e-05	0.999027
mut 659	8.41638e-05	0.999112
mut 660	9.35154e-05	0.999205
mut 661	0.000110883	0.999316
mut 662	0.000110883	0.999427
mut 663	6.1453e-05	0.999488
mut 664	6.27889e-05	0.999551
mut 665	5.34374e-05	0.999605
mut 666	4.94296e-05	0.999654
mut 667	4.94296e-05	0.999703
mut 668	4.94296e-05	0.999753
mut 669	1.33593e-05	0.999766
mut 670	2.13749e-05	0.999788
mut 671	8.0156e-06	0.999796
mut 672	8.0156e-06	0.999804
mut 673	8.0156e-06	0.999812
mut 674	8.0156e-06	0.99982
mut 675	0	0.99982
mut 676	1.73671e-05	0.999837
mut 677	1.73671e-05	0.999854
mut 678	1.73671e-05	0.999872
mut 679	1.73671e-05	0.999889
mut 680	1.73671e-05	0.999906
mut 681	0	0.999906
mut 682	6.67967e-06	0.999913
mut 683	6.67967e-06	0.99992
mut 684	6.67967e-06	0.999927
mut 685	6.67967e-06	0.999933
mut 686	6.67967e-06	0.99994
mut 687	0	0.99994
mut 688	0	0.99994
mut 689	0	0.99994
mut 690	0	0.99994
mut 691	0	0.99994
mut 692	1.20234e-05	0.999952
mut 693	1.20234e-05	0.999964
mut 694	1.20234e-05	0.999976
mut 695	1.20234e-05	0.999988
mut 696	1.20234e-05	1
mut 697	0	1
mut 698	0	1
mut 699	0	1
mut 700	0	1
mut 701	0	1
mut 702	0	1
mut 703	0	1
mut 704	0	1
mut 705	0	1
mut 706	0	1
mut 707	0	1
mut 708	0	1
mut 709	0	1
mut 710	0	1
mut 711	0	1
mut 712	0	1
mut 713	0	1
mut 714	0	1
mut 715	0	1
mut 716	0	1
mut 717	0	1
mut 718	0	1
mut 719	0	1
mut 720	0	1
mut 721	0	1
mut 722	0	1
mut 723	0	1
mut 724	0	1
mut 725	0	1
mut 726	0	1
mut 727	0	1
mut 728	0	1
mut 729	0	1
mut 730	0	1
mut 731	0	1
mut 732	0	1
mut 733	0	1
mut 734	0	1
mut 735	0	1
mut 736	0	1
mut 737	0	1
mut 738	0	1
mut 739	0	1
mut 740	0	1
mut 741	0	1
mut 742	0	1
mut 743	0	1
mut 744	0	1
mut 745	0	1
mut 746	0	1
mut 747	0	1
mut 748	0	1
mut 749	0	1
mut 750	0	1
mut 751	0	1
mut 752	0	1
mut 753	0	1
mut 754	0	1
mut 755	0	1
mut 756	0	1
mut 757	0	1
mut 758	0	1
mut 759	0	1
mut 760	0	1
mut 761	0	1
mut 762	0	1
mut 763	0	1
mut 764	0	1
mut 765	0	1
mut 766	0	1
mut 767	0	1
mut 768	0	1
mut 769	0	1
mut 770	0	1
mut 771	0	1
mut 772	0	1
mut 773	0	1
mut 774	0	1
mut 775	0	1
mut 776	0	1
mut 777	0	1
mut 778	0	1
mut 779	0	1
mut 780	0	1
mut 781	0	1
mut 782	0	1
mut 783	0	1
mut 784	0	1
mut 785	0	1
mut 786	0	1
mut 787	0	1
mut 788	0	1
mut 789	0	1
mut 790	0	1
mut 791	0	1
mut 792	0	1
mut 793	0	1
mut 794	0	1
mut 795	0	1
mut 796	0	1
mut 797	0	1
mut 798	0	1
mut 799	0	1
mut 800	0	1
mut 801	0	1
mut 802	0	1
mut 803	0	1
mut 804	0	1
mut 805	0	1
mut 806	0	1
mut 807	0	1
mut 808	0	1
mut 809	0	1
mut 810	0	1
mut 811	0	1
mut 812	0	1
mut 813	0	1
mut 814	0	1
mut 815	0	1
mut 816	0	1
mut 817	0	1
mut 818	0	1
mut 819	0	1
mut 820	0	1
mut 821	0	1
mut 822	0	1
mut 823	0	1
mut 824	0	1
mut 825	0	1
mut 826	0	1
mut 827	0	1
mut 828	0	1
mut 829	0	1
mut 830	0	1
mut 831	0	1
mut 832	0	1
mut 833	0	1
mut 834	0	1
mut 835	0	1
mut 836	0	1
mut 837	0	1
mut 838	0	1
mut 839	0	1
mut 840	0	1
mut 841	0	1
mut 842	0	1
mut 843	0	1
mut 844	0	1
mut 845	0	1
mut 846	0	1
mut 847	0	1
mut 848	0	1
mut 849	0	1
mut 850	0	1
mut 851	0	1
mut 852	0	1
mut 853	0	1
mut 854	0	1
mut 855	0	1
mut 856	0	1
mut 857	0	1
mut 858	0	1
mut 859	0	1
mut 860	0	1
mut 861	0	1
mut 862	0	1
mut 863	0	1
mut 864	0	1
mut 865	0	1
mut 866	0	1
mut 867	0	1
mut 868	0	1
mut 869	0	1
mut 870	0	1
mut 871	0	1
mut 872	0	1
mut 873	0	1
mut 874	0	1
mut 875	0	1
mut 876	0	1
mut 877	0	1
mut 878	0	1
mut 879	0	1
mut 880	0	1
mut 881	0	1
mut 882	0	1
mut 883	0	1
mut 884	0	1
mut 885	0	1
mut 886	0	1
mut 887	0	1
mut 888	0	1
mut 889	0	1
mut 890	0	1
mut 891	0	1
mut 892	0	1
mut 893	0	1
mut 894	0	1
mut 895	0	1
mut 896	0	1
mut 897	0	1
mut 898	0	1
mut 899	0	1
mut 900	0	1
mut 901	0	1
mut 902	0	1
mut 903	0	1
mut 904	0	1
mut 905	0	1
mut 906	0	1
mut 907	0	1
mut 908	0	1
mut 909	0	1
mut 910	0	1
mut 911	0	1
mut 912	0	1
mut 913	0	1
mut 914	0	1
mut 915	0	1
mut 916	0	1
mut 917	0	1
mut 918	0	1
mut 919	0	1
mut 920	0	1
mut 921	0	1
mut 922	0	1
mut 923	0	1
mut 924	0	1
mut 925	0	1
mut 926	0	1
mut 927	0	1
mut 928	0	1
mut 929	0	1
mut 930	0	1
mut 931	0	1
mut 932	0	1
mut 933	0	1
mut 934	0	1
mut 935	0	1
mut 936	0	1
mut 937	0	1
mut 938	0	1
mut 939	0	1
mut 940	0	1
mut 941	0	1
mut 942	0	1
mut 943	0	1
mut 944	0	1
mut 945	0	1
mut 946	0	1
mut 947	0	1
mut 948	0	1
mut 949	0	1
mut 950	0	1
mut 951	0	1
mut 952	0	1
mut 953	0	1
mut 954	0	1
mut 955	0	1
mut 956	0	1
mut 957	0	1
mut 958	0	1
mut 959	0	1
mut 960	0	1
mut 961	0	1
mut 962	0	1
mut 963	0	1
mut 964	0	1
mut 965	0	1
mut 966	0	1
mut 967	0	1
mut 968	0	1
mut 969	0	1
mut 970	0	1
mut 971	0	1
mut 972	0	1
mut 973	0	1
mut 974	0	1
mut 975	0	1
mut 976	0	1
mut 977	0	1
mut 978	0	1
mut 979	0	1
mut 980	0	1
mut 981	0	1
mut 982	0	1
mut 983	0	1
mut 984	0	1
mut 985	0	1
mut 986	0	1
mut 987	0	1
mut 988	0	1
mut 989	0	1
mut 990	0	1
mut 991	0	1
mut 992	0	1
mut 993	0	1
mut 994	0	1
mut 995	0	1
mut 996	0	1
mut 997	0	1
mut 998	0	1
mut 999	0	1
mut 1000	0	1
mut 1001	0	1
mut 1002	0	1
mut 1003	0	1
mut 1004	0	1
mut 1005	0	1
mut 1006	0	1
mut 1007	0	1
mut 1008	0	1
mut 1009	0	1
mut 1010	0	1
mut 1011	0	1
mut 1012	0	1
mut 1013	0	1
mut 1014	0	1
mut 1015	0	1
mut 1016	0	1
mut 1017	0	1
mut 1018	0	1
mut 1019	0	1
mut 1020	0	1
mut 1021	0	1
mut 1022	0	1
mut 1023	0	1
mut 1024	0	1
mut 1025	0	1
mut 1026	0	1
mut 1027	0	1
mut 1028	0	1
mut 1029	0	1
mut 1030	0	1
mut 1031	0	1
mut 1032	0	1
mut 1033	0	1
mut 1034	0	1
mut 1035	0	1
mut 1036	0	1
mut 1037	0	1
mut 1038	0	1
mut 1039	0	1
mut 1040	0	1
mut 1041	0	1
mut 1042	0	1
mut 1043	0	1
mut 1044	0	1
mut 1045	0	1
mut 1046	0	1
mut 1047	0	1
mut 1048	0	1
mut 1049	0	1
mut 1050	0	1
mut 1051	0	1
mut 1052	0	1
mut 1053	0	1
mut 1054	0	1
mut 1055	0	1
mut 1056	0	1
mut 1057	0	1
mut 1058	0	1
mut 1059	0	1
mut 1060	0	1
mut 1061	0	1
mut 1062	0	1
mut 1063	0	1
mut 1064	0	1
mut 1065	0	1
mut 1066	0	1
mut 1067	0	1
mut 1068	0	1
mut 1069	0	1
mut 1070	0	1
mut 1071	0	1
mut 1072	0	1
mut 1073	0	1
mut 1074	0	1
mut 1075	0	1
mut 1076	0	1
mut 1077	0	1
mut 1078	0	1
mut 1079	0	1
mut 1080	0	1
mut 1081	0	1
mut 1082	0	1
mut 1083	0	1
mut 1084	0	1
mut 1085	0	1
mut 1086	0	1
mut 1087	0	1
mut 1088	0	1
mut 1089	0	1
mut 1090	0	1
mut 1091	0	1
mut 1092	0	1
mut 1093	0	1
mut 1094	0	1
mut 1095	0	1
mut 1096	0	1
mut 1097	0	1
mut 1098	0	1
mut 1099	0	1
mut 1100	0	1
mut 1101	0	1
mut 1102	0	1
mut 1103	0	1
mut 1104	0	1
mut 1105	0	1
mut 1106	0	1
mut 1107	0	1
mut 1108	0	1
mut 1109	0	1
mut 1110	0	1
mut 1111	0	1
mut 1112	0	1
mut 1113	0	1
mut 1114	0	1
mut 1115	0	1
mut 1116	0	1
mut 1117	0	1
mut 1118	0	1
mut 1119	0	1
mut 1120	0	1
mut 1121	0	1
mut 1122	0	1
mut 1123	0	1
mut 1124	0	1
mut 1125	0	1
mut 1126	0	1
mut 1127	0	1
mut 1128	0	1
mut 1129	0	1
mut 1130	0	1
mut 1131	0	1
mut 1132	0	1
mut 1133	0	1
mut 1134	0	1
mut 1135	0	1
mut 1136	0	1
mut 1137	0	1
mut 1138	0	1
mut 1139	0	1
mut 1140	0	1
mut 1141	0	1
mut 1142	0	1
mut 1143	0	1
mut 1144	0	1
mut 1145	0	1
mut 1146	0	1
mut 1147	0	1
mut 1148	0	1
mut 1149	0	1
mut 1150	0	1
mut 1151	0	1
mut 1152	0	1
mut 1153	0	1
mut 1154	0	1
mut 1155	0	1
mut 1156	0	1
mut 1157	0	1
mut 1158	0	1
mut 1159	0	1
mut 1160	0	1
mut 1161	0	1
mut 1162	0	1
mut 1163	0	1
mut 1164	0	1
mut 1165	0	1
mut 1166	0	1
mut 1167	0	1
mut 1168	0	1
mut 1169	0	1
mut 1170	0	1
mut 1171	0	1
mut 1172	0	1
mut 1173	0	1
mut 1174	0	1
mut 1175	0	1
mut 1176	0	1
mut 1177	0	1
mut 1178	0	1
mut 1179	0	1
mut 1180	0	1
mut 1181	0	1
mut 1182	0	1
mut 1183	0	1
mut 1184	0	1
mut 1185	0	1
mut 1186	0	1
mut 1187	0	1
mut 1188	0	1
mut 1189	0	1
mut 1190	0	1
mut 1191	0	1
mut 1192	0	1
mut 1193	0	1
mut 1194	0	1
mut 1195	0	1
mut 1196	0	1
mut 1197	0	1
mut 1198	0	1
mut 1199	0	1
mut 1200	0	1
mut 1201	0	1
mut 1202	0	1
mut 1203	0	1
mut 1204	0	1
mut 1205	0	1
mut 1206	0	1
mut 1207	0	1
mut 1208	0	1
mut 1209	0	1
mut 1210	0	1
mut 1211	0	1
mut 1212	0	1
mut 1213	0	1
mut 1214	0	1
mut 1215	0	1
mut 1216	0	1
mut 1217	0	1
mut 1218	0	1
mut 1219	0	1
mut 1220	0	1
mut 1221	0	1
mut 1222	0	1
mut 1223	0	1
mut 1224	0	1
mut 1225	0	1
mut 1226	0	1
mut 1227	0	1
mut 1228	0	1
mut 1229	0	1
mut 1230	0	1
mut 1231	0	1
mut 1232	0	1
mut 1233	0	1
mut 1234	0	1
mut 1235	0	1
mut 1236	0	1
mut 1237	0	1
mut 1238	0	1
mut 1239	0	1
mut 1240	0	1
mut 1241	0	1
mut 1242	0	1
mut 1243	0	1
mut 1244	0	1
mut 1245	0	1
mut 1246	0	1
mut 1247	0	1
mut 1248	0	1
mut 1249	0	1
mut 1250	0	1
mut 1251	0	1
mut 1252	0	1
mut 1253	0	1
mut 1254	0	1
mut 1255	0	1
mut 1256	0	1
mut 1257	0	1
mut 1258	0	1
mut 1259	0	1
mut 1260	0	1
mut 1261	0	1
mut 1262	0	1
mut 1263	0	1
mut 1264	0	1
mut 1265	0	1
mut 1266	0	1
mut 1267	0	1
mut 1268	0	1
mut 1269	0	1
mut 1270	0	1
mut 1271	0	1
mut 1272	0	1
mut 1273	0	1
mut 1274	0	1
mut 1275	0	1
mut 1276	0	1
mut 1277	0	1
mut 1278	0	1
mut 1279	0	1
mut 1280	0	1
mut 1281	0	1
mut 1282	0	1
mut 1283	0	1
mut 1284	0	1
mut 1285	0	1
mut 1286	0	1
mut 1287	0	1
mut 1288	0	1
mut 1289	0	1
mut 1290	0	1
mut 1291	0	1
mut 1292	0	1
mut 1293	0	1
mut 1294	0	1
mut 1295	0	1
mut 1296	0	1
mut 1297	0	1
mut 1298	0	1
mut 1299	0	1
mut 1300	0	1
mut 1301	0	1
mut 1302	0	1
mut 1303	0	1
mut 1304	0	1
mut 1305	0	1
mut 1306	0	1
mut 1307	0	1
mut 1308	0	1
mut 1309	0	1
mut 1310	0	1
mut 1311	0	1
mut 1312	0	1
mut 1313	0	1
mut 1314	0	1
mut 1315	0	1
mut 1316	0	1
mut 1317	0	1
mut 1318	0	1
mut 1319	0	1
mut 1320	0	1
mut 1321	0	1
mut 1322	0	1
mut 1323	0	1
mut 1324	0	1
mut 1325	0	1
mut 1326	0	1
mut 1327	0	1
mut 1328	0	1
mut 1329	0	1
mut 1330	0	1
mut 1331	0	1
mut 1332	0	1
mut 1333	0	1
mut 1334	0	1
mut 1335	0	1
mut 1336	0	1
mut 1337	0	1
mut 1338	0	1
mut 1339	0	1
mut 1340	0	1
mut 1341	0	1
mut 1342	0	1
mut 1343	0	1
mut 1344	0	1
mut 1345	0	1
mut 1346	0	1
mut 1347	0	1
mut 1348	0	1
mut 1349	0	1
mut 1350	0	1
mut 1351	0	1
mut 1352	0	1
mut 1353	0	1
mut 1354	0	1
mut 1355	0	1
mut 1356	0	1
mut 1357	0	1
mut 1358	0	1
mut 1359	0	1
mut 1360	0	1
mut 1361	0	1
mut 1362	0	1
mut 1363	0	1
mut 1364	0	1
mut 1365	0	1
mut 1366	0	1
mut 1367	0	1
mut 1368	0	1
mut 1369	0	1
mut 1370	0	1
mut 1371	0	1
mut 1372	0	1
mut 1373	0	1
mut 1374	0	1
mut 1375	0	1
mut 1376	0	1
mut 1377	0	1
mut 1378	0	1
mut 1379	0	1
mut 1380	0	1
mut 1381	0	1
mut 1382	0	1
mut 1383	0	1
mut 1384	0	1
mut 1385	0	1
mut 1386	0	1
mut 1387	0	1
mut 1388	0	1
mut 1389	0	1
mut 1390	0	1
mut 1391	0	1
mut 1392	0	1
mut 1393	0	1
mut 1394	0	1
mut 1395	0	1
mut 1396	0	1
mut 1397	0	1
mut 1398	0	1
mut 1399	0	1
mut 1400	0	1
mut 1401	0	1
mut 1402	0	1
mut 1403	0	1
mut 1404	0	1
mut 1405	0	1
mut 1406	0	1
mut 1407	0	1
mut 1408	0	1
mut 1409	0	1
mut 1410	0	1
mut 1411	0	1
mut 1412	0	1
mut 1413	0	1
mut 1414	0	1
mut 1415	0	1
mut 1416	0	1
mut 1417	0	1
mut 1418	0	1
mut 1419	0	1
mut 1420	0	1
mut 1421	0	1
mut 1422	0	1
mut 1423	0	1
mut 1424	0	1
mut 1425	0	1
mut 1426	0	1
mut 1427	0	1
mut 1428	0	1
mut 1429	0	1
mut 1430	0	1
mut 1431	0	1
mut 1432	0	1
mut 1433	0	1
mut 1434	0	1
mut 1435	0	1
mut 1436	0	1
mut 1437	0	1
mut 1438	0	1
mut 1439	0	1
mut 1440	0	1
mut 1441	0	1
mut 1442	0	1
mut 1443	0	1
mut 1444	0	1
mut 1445	0	1
mut 1446	0	1
mut 1447	0	1
mut 1448	0	1
mut 1449	0	1
mut 1450	0	1
mut 1451	0	1
mut 1452	0	1
mut 1453	0	1
mut 1454	0	1
mut 1455	0	1
mut 1456	0	1
mut 1457	0	1
mut 1458	0	1
mut 1459	0	1
mut 1460	0	1
mut 1461	0	1
mut 1462	0	1
mut 1463	0	1
mut 1464	0	1
mut 1465	0	1
mut 1466	0	1
mut 1467	0	1
mut 1468	0	1
mut 1469	0	1
mut 1470	0	1
mut 1471	0	1
mut 1472	0	1
mut 1473	0	1
mut 1474	0	1
mut 1475	0	1
mut 1476	0	1
mut 1477	0	1
mut 1478	0	1
mut 1479	0	1
mut 1480	0	1
mut 1481	0	1
mut 1482	0	1
mut 1483	0	1
mut 1484	0	1
mut 1485	0	1
mut 1486	0	1
mut 1487	0	1
mut 1488	0	1
mut 1489	0	1
mut 1490	0	1
mut 1491	0	1
mut 1492	0	1
mut 1493	0	1
mut 1494	0	1
mut 1495	0	1
mut 1496	0	1
mut 1497	0	1
mut 1498	0	1
mut 1499	0	1
mut 1500	0	1
mut 1501	0	1
mut 1502	0	1
mut 1503	0	1
mut 1504	0	1
mut 1505	0	1
mut 1506	0	1
mut 1507	0	1
mut 1508	0	1
mut 1509	0	1
mut 1510	0	1
mut 1511	0	1
mut 1512	0	1
mut 1513	0	1
mut 1514	0	1
mut 1515	0	1
mut 1516	0	1
mut 1517	0	1
mut 1518	0	1
mut 1519	0	1
mut 1520	0	1
mut 1521	0	1
mut 1522	0	1
mut 1523	0	1
mut 1524	0	1
mut 1525	0	1
mut 1526	0	1
mut 1527	0	1
mut 1528	0	1
mut 1529	0	1
mut 1530	0	1
mut 1531	0	1
mut 1532	0	1
mut 1533	0	1
mut 1534	0	1
mut 1535	0	1
mut 1536	0	1
mut 1537	0	1
mut 1538	0	1
mut 1539	0	1
mut 1540	0	1
mut 1541	0	1
mut 1542	0	1
mut 1543	0	1
mut 1544	0	1
mut 1545	0	1
mut 1546	0	1
mut 1547	0	1
mut 1548	0	1
mut 1549	0	1
mut 1550	0	1
mut 1551	0	1
mut 1552	0	1
mut 1553	0	1
mut 1554	0	1
mut 1555	0	1
mut 1556	0	1
mut 1557	0	1
mut 1558	0	1
mut 1559	0	1
mut 1560	0	1
mut 1561	0	1
mut 1562	0	1
mut 1563	0	1
mut 1564	0	1
mut 1565	0	1
mut 1566	0	1
mut 1567	0	1
mut 1568	0	1
mut 1569	0	1
mut 1570	0	1
mut 1571	0	1
mut 1572	0	1
mut 1573	0	1
mut 1574	0	1
mut 1575	0	1
mut 1576	0	1
mut 1577	0	1
mut 1578	0	1
mut 1579	0	1
mut 1580	0	1
mut 1581	0	1
mut 1582	0	1
mut 1583	0	1
mut 1584	0	1
mut 1585	0	1
mut 1586	0	1
mut 1587	0	1
mut 1588	0	1
mut 1589	0	1
mut 1590	0	1
mut 1591	0	1
mut 1592	0	1
mut 1593	0	1
mut 1594	0	1
mut 1595	0	1
mut 1596	0	1
mut 1597	0	1
mut 1598	0	1
mut 1599	0	1
mut 1600	0	1
mut 1601	0	1
mut 1602	0	1
mut 1603	0	1
mut 1604	0	1
mut 1605	0	1
mut 1606	0	1
mut 1607	0	1
mut 1608	0	1
mut 1609	0	1
mut 1610	0	1
mut 1611	0	1
mut 1612	0	1
mut 1613	0	1
mut 1614	0	1
mut 1615	0	1
mut 1616	0	1
mut 1617	0	1
mut 1618	0	1
mut 1619	0	1
mut 1620	0	1
mut 1621	0	1
mut 1622	0	1
mut 1623	0	1
mut 1624	0	1
mut 1625	0	1
mut 1626	0	1
mut 1627	0	1
mut 1628	0	1
mut 1629	0	1
mut 1630	0	1
mut 1631	0	1
mut 1632	0	1
mut 1633	0	1
mut 1634	0	1
mut 1635	0	1
mut 1636	0	1
mut 1637	0	1
mut 1638	0	1
mut 1639	0	1
mut 1640	0	1
mut 1641	0	1
mut 1642	0	1
mut 1643	0	1
mut 1644	0	1
mut 1645	0	1
mut 1646	0	1
mut 1647	0	1
mut 1648	0	1
mut 1649	0	1
mut 1650	0	1
mut 1651	0	1
mut 1652	0	1
mut 1653	0	1
mut 1654	0	1
mut 1655	0	1
mut 1656	0	1
mut 1657	0	1
mut 1658	0	1
mut 1659	0	1
mut 1660	0	1
mut 1661	0	1
mut 1662	0	1
mut 1663	0	1
mut 1664	0	1
mut 1665	0	1
mut 1666	0	1
mut 1667	0	1
mut 1668	0	1
mut 1669	0	1
mut 1670	0	1
mut 1671	0	1
mut 1672	0	1
mut 1673	0	1
mut 1674	0	1
mut 1675	0	1
mut 1676	0	1
mut 1677	0	1
mut 1678	0	1
mut 1679	0	1
mut 1680	0	1
mut 1681	0	1
mut 1682	0	1
mut 1683	0	1
mut 1684	0	1
mut 1685	0	1
mut 1686	0	1
mut 1687	0	1
mut 1688	0	1
mut 1689	0	1
mut 1690	0	1
mut 1691	0	1
mut 1692	0	1
mut 1693	0	1
mut 1694	0	1
mut 1695	0	1
mut 1696	0	1
mut 1697	0	1
mut 1698	0	1
mut 1699	0	1
mut 1700	0	1
mut 1701	0	1
mut 1702	0	1
mut 1703	0	1
mut 1704	0	1
mut 1705	0	1
mut 1706	0	1
mut 1707	0	1
mut 1708	0	1
mut 1709	0	1
mut 1710	0	1
mut 1711	0	1
mut 1712	0	1
mut 1713	0	1
mut 1714	0	1
mut 1715	0	1
mut 1716	0	1
mut 1717	0	1
mut 1718	0	1
mut 1719	0	1
mut 1720	0	1
mut 1721	0	1
mut 1722	0	1
mut 1723	0	1
mut 1724	0	1
mut 1725	0	1
mut 1726	0	1
mut 1727	0	1
mut 1728	0	1
mut 1729	0	1
mut 1730	0	1
mut 1731	0	1
mut 1732	0	1
mut 1733	0	1
mut 1734	0	1
mut 1735	0	1
mut 1736	0	1
mut 1737	0	1
mut 1738	0	1
mut 1739	0	1
mut 1740	0	1
mut 1741	0	1
mut 1742	0	1
mut 1743	0	1
mut 1744	0	1
mut 1745	0	1
mut 1746	0	1
mut 1747	0	1
mut 1748	0	1
mut 1749	0	1
mut 1750	0	1
mut 1751	0	1
mut 1752	0	1
mut 1753	0	1
mut 1754	0	1
mut 1755	0	1
mut 1756	0	1
mut 1757	0	1
mut 1758	0	1
mut 1759	0	1
mut 1760	0	1
mut 1761	0	1
mut 1762	0	1
mut 1763	0	1
mut 1764	0	1
mut 1765	0	1
mut 1766	0	1
mut 1767	0	1
mut 1768	0	1
mut 1769	0	1
mut 1770	0	1
mut 1771	0	1
mut 1772	0	1
mut 1773	0	1
mut 1774	0	1
mut 1775	0	1
mut 1776	0	1
mut 1777	0	1
mut 1778	0	1
mut 1779	0	1
mut 1780	0	1
mut 1781	0	1
mut 1782	0	1
mut 1783	0	1
mut 1784	0	1
mut 1785	0	1
mut 1786	0	1
mut 1787	0	1
mut 1788	0	1
mut 1789	0	1
mut 1790	0	1
mut 1791	0	1
mut 1792	0	1
mut 1793	0	1
mut 1794	0	1
mut 1795	0	1
mut 1796	0	1
mut 1797	0	1
mut 1798	0	1
mut 1799	0	1
mut 1800	0	1
mut 1801	0	1
mut 1802	0	1
mut 1803	0	1
mut 1804	0	1
mut 1805	0	1
mut 1806	0	1
mut 1807	0	1
mut 1808	0	1
mut 1809	0	1
mut 1810	0	1
mut 1811	0	1
mut 1812	0	1
mut 1813	0	1
mut 1814	0	1
mut 1815	0	1
mut 1816	0	1
mut 1817	0	1
mut 1818	0	1
mut 1819	0	1
mut 1820	0	1
mut 1821	0	1
mut 1822	0	1
mut 1823	0	1
mut 1824	0	1
mut 1825	0	1
mut 1826	0	1
mut 1827	0	1
mut 1828	0	1
mut 1829	0	1
mut 1830	0	1
mut 1831	0	1
mut 1832	0	1
mut 1833	0	1
mut 1834	0	1
mut 1835	0	1
mut 1836	0	1
mut 1837	0	1
mut 1838	0	1
mut 1839	0	1
mut 1840	0	1
mut 1841	0	1
mut 1842	0	1
mut 1843	0	1
mut 1844	0	1
mut 1845	0	1
mut 1846	0	1
mut 1847	0	1
mut 1848	0	1
mut 1849	0	1
mut 1850	0	1
mut 1851	0	1
mut 1852	0	1
mut 1853	0	1
mut 1854	0	1
mut 1855	0	1
mut 1856	0	1
mut 1857	0	1
mut 1858	0	1
mut 1859	0	1
mut 1860	0	1
mut 1861	0	1
mut 1862	0	1
mut 1863	0	1
mut 1864	0	1
mut 1865	0	1
mut 1866	0	1
mut 1867	0	1
mut 1868	0	1
mut 1869	0	1
mut 1870	0	1
mut 1871	0	1
mut 1872	0	1
mut 1873	0	1
mut 1874	0	1
mut 1875	0	1
mut 1876	0	1
mut 1877	0	1
mut 1878	0	1
mut 1879	0	1
mut 1880	0	1
mut 1881	0	1
mut 1882	0	1
mut 1883	0	1
mut 1884	0	1
mut 1885	0	1
mut 1886	0	1
mut 1887	0	1
mut 1888	0	1
mut 1889	0	1
mut 1890	0	1
mut 1891	0	1
mut 1892	0	1
mut 1893	0	1
mut 1894	0	1
mut 1895	0	1
mut 1896	0	1
mut 1897	0	1
mut 1898	0	1
mut 1899	0	1
mut 1900	0	1
mut 1901	0	1
mut 1902	0	1
mut 1903	0	1
mut 1904	0	1
mut 1905	0	1
mut 1906	0	1
mut 1907	0	1
mut 1908	0	1
mut 1909	0	1
mut 1910	0	1
mut 1911	0	1
mut 1912	0	1
mut 1913	0	1
mut 1914	0	1
mut 1915	0	1
mut 1916	0	1
mut 1917	0	1
mut 1918	0	1
mut 1919	0	1
mut 1920	0	1
mut 1921	0	1
mut 1922	0	1
mut 1923	0	1
mut 1924	0	1
mut 1925	0	1
mut 1926	0	1
mut 1927	0	1
mut 1928	0	1
mut 1929	0	1
mut 1930	0	1
mut 1931	0	1
mut 1932	0	1
mut 1933	0	1
mut 1934	0	1
mut 1935	0	1
mut 1936	0	1
mut 1937	0	1
mut 1938	0	1
mut 1939	0	1
mut 1940	0	1
mut 1941	0	1
mut 1942	0	1
mut 1943	0	1
mut 1944	0	1
mut 1945	0	1
mut 1946	0	1
mut 1947	0	1
mut 1948	0	1
mut 1949	0	1
mut 1950	0	1
mut 1951	0	1
mut 1952	0	1
mut 1953	0	1
mut 1954	0	1
mut 1955	0	1
mut 1956	0	1
mut 1957	0	1
mut 1958	0	1
mut 1959	0	1
mut 1960	0	1
mut 1961	0	1
mut 1962	0	1
mut 1963	0	1
mut 1964	0	1
mut 1965	0	1
mut 1966	0	1
mut 1967	0	1
mut 1968	0	1
mut 1969	0	1
mut 1970	0	1
mut 1971	0	1
mut 1972	0	1
mut 1973	0	1
mut 1974	0	1
mut 1975	0	1
mut 1976	0	1
mut 1977	0	1
mut 1978	0	1
mut 1979	0	1
mut 1980	0	1
mut 1981	0	1
mut 1982	0	1
mut 1983	0	1
mut 1984	0	1
mut 1985	0	1
mut 1986	0	1
mut 1987	0	1
mut 1988	0	1
mut 1989	0	1
mut 1990	0	1
mut 1991	0	1
mut 1992	0	1
mut 1993	0	1
mut 1994	0	1
mut 1995	0	1
mut 1996	0	1
mut 1997	0	1
